1.11111
2.22222
3.33333
1.968879
1.968879
1.968879
1.968879
1.968879
1.968879
1.968879
1.968879
1.968879
1.968879
1.968879
1.968879
1.968879
1.968879
1.968879
1.968879
1.968879
1.968879
1.968879
1.968879
1.968879
1.968879
1.968879
1.968879
1.968879
1.968879
1.968879
1.968879
1.968879
1.968879
1.968879
1.968879
1.968879
1.968879
1.968879
1.968879
1.968879
1.968879
1.968879
1.968879
1.968879
1.968879
1.968879
1.968879
1.968879
1.968879
1.968879
1.968879
1.968879
1.968879
1.968879
1.968879
1.968879
1.968879
1.968879
1.968879
1.968879
1.968879
1.968879
1.968879
1.968879
1.968879
1.968879
1.968879
1.968879
1.968879
1.968879
1.968879
1.968879
1.968879
1.968879
1.968879
1.968879
1.968879
1.968879
1.968879
1.968879
1.968879
1.968879
1.968879
1.968879
1.968879
1.968879
1.968879
1.968879
1.968879
1.968879
1.968879
1.968879
1.968879
1.968879
1.968879
1.968879
1.968879
1.968879
1.968879
1.968879
1.968879
1.968879
1.968879
1.968879
1.968879
1.968879
1.968879
1.968879
1.968879
1.968879
1.968879
1.968879
1.968879
1.968879
1.968879
1.968879
1.744891
